0.14787854626774788 
0.0823352187871933 
0.07134871631860733 
0.0678394965827465 
0.06066571623086929 
0.05869065374135971 
0.05749006457626819 
0.05567303076386452 
0.054667684435844424 
0.053118528053164485 
0.0517537709325552 
0.053024642542004584 
0.051007432490587236 
0.05025566518306732 
0.04930394440889359 
0.049624642357230186 
0.04935432858765125 
0.0486209973692894 
0.048591576889157294 
0.048841848596930505 
0.04910327158868313 
0.04723857119679451 
0.04811241440474987 
0.04693802036345005 
0.04785238541662693 
0.047236818075180056 
0.04697232283651829 
0.04781302809715271 
0.04611632414162159 
0.04829749353229999 
0.04689507074654102 
0.04772341065108776 
