0.05516551031420628 
0.010042445423702398 
0.0058468742451320095 
0.004774199100211263 
0.003925851701448361 
0.003369117776552836 
0.002913470845669508 
0.00292098269953082 
0.0030275270886098347 
0.0025573178427293897 
0.0024504160586123667 
0.0022454569892336926 
0.002410067905051013 
0.0021497271566962204 
0.0022781527368351817 
0.002197451423853636 
0.00221088082374384 
0.0019668267923407257 
0.0018866312457248569 
0.0019108012784272432 
0.0017930070947234829 
0.0017980264965444803 
0.0018569362194587786 
0.0018144695204682648 
0.0018047209790286918 
0.0017604563424053292 
0.0017785154438267152 
0.001674149282431851 
0.0016940348820450406 
0.001741155613368998 
0.001825764193199575 
0.0016834840838176508 
0.0016951794386841357 
0.0016859968891367316 
0.0017000867325502138 
0.0016258079752636452 
0.001660660665947944 
0.0015911034036738176 
0.0017818276925633352 
0.001718181340644757 
0.001649037857229511 
0.0016173241892829537 
0.0015577183609517913 
0.0016187495978859563 
0.0015974226989783347 
0.0015282391686923802 
0.001561455661430955 
0.0016065983606191974 
0.001615988148842007 
0.001599603701227655 
0.0015138545422814786 
0.0015434778373067577 
0.0015701653901487589 
0.0015662531562459965 
0.0015876217706439395 
0.001500365692966928 
0.0015044511722711225 
0.0015321568741152685 
0.001511695406710108 
0.0015307840270300706 
0.0015314390766434371 
0.0015886669085981946 
0.0015995048646194239 
0.0015148740106572707 
0.001470019594610979 
0.0014820627014463146 
0.001568483440981557 
0.0015663895173929632 
0.0016585435951128602 
0.0014768659020774066 
0.0014986739261075854 
0.0014815081958658993 
0.001518741618686666 
0.001523215847555548 
0.0014690776976446311 
0.0014904474179881315 
0.0014404021203517914 
0.0014851716696284711 
0.0014921626231322687 
0.0014964768973489602 
0.0014826758415438235 
0.0014510824306247134 
0.0014894864289090037 
0.001467432613329341 
0.0014798850558387737 
0.0015507428518806894 
0.0014875046132753293 
0.001462433118528376 
0.0014428811458249886 
0.0014148914876083534 
0.0014328366184296708 
0.0014332666566284995 
0.001429597536722819 
0.0013966587139293551 
0.001397085589511941 
0.0014381467869194846 
0.0014187887039345999 
0.0014116927438105147 
0.0014102142692233126 
0.0014114504059155781 
0.001417083665728569 
0.0014277900918386877 
0.0014097726088948548 
0.0014174477934526901 
0.0014445929167171319 
0.0014065705666628976 
0.0014471955752621095 
0.0014244812191464007 
0.0013964796671643853 
0.001386517348388831 
0.0014040270665039618 
0.001390463556163013 
0.0014096550294198096 
0.0014035823987796903 
0.0013995681268473466 
0.0014059588817569117 
0.0013688152151492734 
0.0013780645870914061 
0.0014017776120454073 
0.0013825771166011691 
0.0013895483183053632 
0.0014093013014644384 
0.001412838251174738 
0.0013955251003305118 
0.001410701486747712 
0.0013797582554010053 
0.0013864590243125956 
0.0013820944004692137 
0.0013876331504434347 
0.0013991691909419994 
0.0013733583230835695 
0.0013971023727208376 
0.0013994203764013946 
0.0014058296219445765 
0.0013853484415449202 
0.001382669375743717 
0.0013927566857698064 
0.0014047471534771223 
0.00139085865036274 
0.001393630887226512 
0.0014050297516708572 
0.001403154106810689 
0.0013991785235702991 
0.0013692354744610686 
0.001382447701568405 
0.0013999177220587928 
0.001391527281763653 
0.001378188996265332 
0.0013979321423297126 
0.001402014517225325 
0.00137009877168263 
0.0014101865041690569 
0.0013767939138536651 
0.0013806087081320584 
0.0013935471264024575 
0.0014040886890143156 
0.0014153551116275291 
0.0014008760917931795 
0.001410034465758751 
0.0013953597711709638 
0.0013912484476653237 
0.0014218416181392968 
0.0013845316134393215 
0.0013812557832958798 
0.001397206118175139 
0.0013701596374933918 
0.0013825672018962603 
