发现最新版本:5.13.1
●升级内容:;秒开扩展栏;解决了一些稀有顽固bug;增加数据串校验范围前后位置自定义,具备了比较高级的自定义数据串封装发送功能;作为UDP服务器收到数据包后，自动修改远程IP为客服端的IP;增加终端仿真时,(在菜单里)可选发送回车0x0d后是否增加发送换行0x0a符号;点击软件内的网站链接时,使用默认浏览器;修复win10升级后可能不断弹窗的bug;增加窗口放在屏幕最前端的功能.         ;★以下为早期更新:;增加支持STC15,GD32系列MCU的ISP烧写;增加CRC校验时可选从数据串的第几个字节开始计算校验;增加支持大于256的串口号,增加发送文件可选加间隔延时;增加了菜单,增加保存接收窗背景颜色;多条发送增加到99条,增加支持TCP和UDP通讯协议;增加多条发送顺序号和单独延时;增加CCITT-CRC16,CRC32两种校验方法;增加DTR和RTS的保存,增加终端仿真两种输入方法的选项;启动时可选是否自动打开串口;可自由设置显示缓冲的大小,增加自定义字体显示,接收数据到文件,可选英语界面;支持字符串输入转义符号\x??,\r,\n,\t,\v,\a,\b,\f,\0;友好串口标识,数据分包显示;增加CRC16,异或和,累加和等添加校验的方式;手动串口列表刷新功能; ★请点左下角的链接下载新版本,或者将下面的地址复制粘贴到浏览器的地址栏;【升级为最新版本后,本内容不再显示】
下载地址:
http://www.daxia.com/sscom/sscom5.13.1.rar
[11:02:39.620]发→◇EA 55 10 00 00 10 □00 0F 57 00 0B C0 00 00 00 01 00 00 19 26 40 12 12 12 1A 14 
[11:06:28.786]收←◆00 17 70 00 0B F8 00 00 00 01 00 00 12 17 37 12 12 12 12 12 
[11:06:29.041]收←◆00 17 70 00 0C B4 00 00 00 01 00 00 1A 18 37 12 12 12 12 12 00 14 FC 00 0E 55 00 00 00 01 00 00 12 18 37 12 12 12 12 12 
[11:06:29.152]收←◆00 00 00 00 11 0D 00 00 00 01 00 00 12 18 37 12 12 12 12 12 
[11:06:29.207]收←◆00 00 00 00 14 CF 00 00 00 01 00 00 12 18 37 12 12 12 12 12 
[11:06:29.309]收←◆00 00 00 00 17 70 00 13 88 01 00 00 15 19 37 12 12 12 12 12 
[11:06:29.411]收←◆00 00 00 00 17 70 00 13 88 01 00 00 20 19 37 12 12 12 12 12 
[11:06:29.510]收←◆00 04 08 00 17 70 00 13 88 01 00 00 1B 19 37 12 12 12 12 12 
[11:06:29.605]收←◆00 09 25 00 17 70 00 13 88 01 00 00 1C 18 37 12 12 12 12 12 
[11:06:29.714]收←◆00 12 1A 00 17 70 00 13 88 01 00 00 1D 18 37 12 12 12 12 12 
[11:06:29.808]收←◆00 17 70 00 17 70 00 13 88 01 00 00 1B 18 37 12 12 12 12 12 
[11:06:29.920]收←◆00 17 70 00 17 70 00 13 88 01 00 00 1D 19 37 12 12 12 12 12 
[11:06:30.014]收←◆00 17 70 00 17 70 00 13 88 01 00 00 1D 17 37 12 12 12 12 12 
[11:06:30.109]收←◆00 17 70 00 17 70 00 13 88 01 00 00 22 12 36 12 12 12 12 12 
[11:06:30.219]收←◆00 17 26 00 17 70 00 13 88 01 00 00 29 12 2F 12 12 12 12 12 
[11:06:30.314]收←◆00 13 82 00 17 70 00 13 88 01 00 00 2E 12 31 12 12 12 12 12 
[11:06:30.425]收←◆00 0F BD 00 17 70 00 13 88 01 00 00 21 12 33 12 12 12 12 12 
[11:06:30.519]收←◆00 0C 80 00 17 70 00 13 88 01 00 00 22 14 32 12 12 12 12 12 
[11:06:30.630]收←◆00 09 79 00 16 F7 00 13 88 01 00 00 1B 14 34 12 12 12 12 12 
[11:06:30.725]收←◆00 06 D7 00 14 8D 00 00 00 01 00 00 1B 16 36 12 12 12 12 12 
[11:06:30.837]收←◆00 05 39 00 12 8E 00 00 00 01 00 00 1D 16 37 12 12 12 12 12 
[11:06:30.938]收←◆00 04 B1 00 10 EE 00 00 00 01 00 00 1D 16 37 12 12 12 12 12 
[11:06:31.032]收←◆00 04 E4 00 0F 99 00 00 00 01 00 00 1C 17 37 12 12 12 12 12 
[11:06:31.142]收←◆00 05 9A 00 0E 76 00 00 00 01 00 00 1C 17 37 12 12 12 12 12 
[11:06:31.234]收←◆00 06 C8 00 0D 6F 00 00 00 01 00 00 1A 18 37 12 12 12 12 12 
[11:06:31.346]收←◆00 08 62 00 0C 6E 00 00 00 01 00 00 19 19 37 12 12 12 12 12 
[11:06:31.438]收←◆00 0A 23 00 0B 65 00 00 00 01 00 00 1B 17 37 12 12 12 12 12 
[11:06:31.549]收←◆00 0B 9A 00 0A 4E 00 00 00 01 00 00 19 19 38 12 12 12 12 12 
[11:06:31.644]收←◆00 0C 96 00 09 26 00 00 00 01 00 00 18 18 37 12 12 12 12 12 
[11:06:31.738]收←◆00 0D 55 00 07 F2 00 00 00 01 00 00 1A 19 38 12 12 12 12 12 
[11:06:31.850]收←◆00 0E 0F 00 06 B7 00 00 00 01 00 00 19 19 38 12 12 12 12 12 
[11:06:31.946]收←◆00 0E 94 00 05 7D 00 00 00 01 00 00 19 19 38 12 12 12 12 12 
[11:06:32.056]收←◆00 0E 9A 00 04 4C 00 00 00 01 00 00 1A 19 39 12 12 12 12 12 
[11:06:32.152]收←◆00 0E 36 00 03 2A 00 00 00 01 00 00 1B 19 38 12 12 12 12 12 
[11:06:32.261]收←◆00 0D B7 00 02 1D 00 00 00 01 00 00 19 19 38 12 12 12 12 12 
[11:06:32.355]收←◆00 0D 2F 00 01 28 00 00 00 01 00 00 19 19 38 12 12 12 12 12 
[11:06:32.450]收←◆00 0C 89 00 00 4C 00 00 00 01 00 00 18 19 38 12 12 12 12 12 
[11:06:32.561]收←◆00 0B DF 00 00 00 00 00 00 01 00 00 18 19 39 12 12 12 12 12 
[11:06:32.655]收←◆00 0B 5D 00 00 00 00 00 00 01 00 00 18 19 38 12 12 12 12 12 
[11:06:32.767]收←◆00 0B 08 00 00 00 00 00 00 01 00 00 18 19 38 12 12 12 12 12 
[11:06:32.863]收←◆00 0A D6 00 00 00 00 00 00 01 00 00 19 19 38 12 12 12 12 12 
[11:06:32.973]收←◆00 0A B7 00 00 00 00 00 00 01 00 00 19 18 39 12 12 12 12 12 
[11:06:33.076]收←◆00 0A 9B 00 00 00 00 00 00 01 00 00 19 19 39 12 12 12 12 12 
[11:06:33.177]收←◆00 0A A1 00 00 00 00 00 00 01 00 00 19 19 38 12 12 12 12 12 
[11:06:33.272]收←◆00 0A E1 00 00 00 00 00 00 01 00 00 18 19 39 12 12 12 12 12 
[11:06:33.369]收←◆00 0B 20 00 00 00 00 00 00 01 00 00 18 19 39 12 12 12 12 12 
[11:06:33.479]收←◆00 0B 45 00 00 00 00 00 00 01 00 00 18 19 38 12 12 12 12 12 
[11:06:33.583]收←◆00 0B 87 00 00 00 00 00 00 01 00 00 19 19 39 12 12 12 12 12 
[11:06:33.687]收←◆00 0B E0 00 00 00 00 00 00 01 00 00 19 19 39 12 12 12 12 12 
[11:06:33.789]收←◆00 0C 0C 00 00 00 01 00 00 01 00 00 17 19 39 12 12 12 12 12 
[11:06:33.890]收←◆00 0C 0F 00 00 00 01 00 00 01 00 00 18 19 39 12 12 12 12 12 
[11:06:33.994]收←◆00 0C 19 00 00 00 01 00 00 01 00 00 18 1A 39 12 12 12 12 12 
[11:06:34.091]收←◆00 0C 27 00 00 00 01 00 00 01 00 00 18 1A 39 12 12 12 12 12 
[11:06:34.196]收←◆00 0C 1C 00 00 00 01 00 00 01 00 00 18 1A 39 12 12 12 12 12 
[11:06:34.294]收←◆00 0C 06 00 00 00 01 00 00 01 00 00 19 1A 39 12 12 12 12 12 
[11:06:34.389]收←◆00 0B FD 00 00 00 01 00 00 01 00 00 19 19 39 12 12 12 12 12 
[11:06:34.499]收←◆00 0B EF 00 00 00 01 00 00 01 00 00 19 19 39 12 12 12 12 12 
[11:06:34.601]收←◆00 0B D0 00 00 00 01 00 00 01 00 00 19 19 39 12 12 12 12 12 
[11:06:34.706]收←◆00 0B A9 00 00 00 01 00 00 01 00 00 19 19 39 12 12 12 12 12 
[11:06:34.804]收←◆00 0B 87 00 00 00 01 00 00 01 00 00 19 19 39 12 12 12 12 12 
[11:06:34.910]收←◆00 0B 83 00 00 00 01 00 00 01 00 00 19 1A 39 12 12 12 12 12 
[11:06:35.010]收←◆00 0B A5 00 00 00 01 00 00 01 00 00 19 1A 39 12 12 12 12 12 
[11:06:35.113]收←◆00 0B B6 00 00 00 01 00 00 01 00 00 19 1A 39 12 12 12 12 12 
[11:06:35.213]收←◆00 0B 95 00 00 00 01 00 00 01 00 00 19 1A 39 12 12 12 12 12 
[11:06:35.316]收←◆00 0B 7A 00 00 00 01 00 00 01 00 00 19 1A 39 12 12 12 12 12 
[11:06:35.415]收←◆00 0B 91 00 00 00 01 00 00 01 00 00 19 1A 39 12 12 12 12 12 
[11:06:35.514]收←◆00 0B B5 00 00 00 01 00 00 01 00 00 18 19 39 12 12 12 12 12 
[11:06:35.622]收←◆00 0B BA 00 00 00 01 00 00 01 00 00 19 19 39 12 12 12 12 12 
[11:06:35.718]收←◆00 0B A7 00 00 00 01 00 00 01 00 00 19 1A 39 12 12 12 12 12 
[11:06:35.816]收←◆00 0B 9B 00 00 00 01 00 00 01 00 00 19 19 39 12 12 12 12 12 
[11:06:35.924]收←◆00 0B AF 00 00 00 01 00 00 01 00 00 19 19 39 12 12 12 12 12 
[11:06:36.018]收←◆00 0B D9 00 00 00 01 00 00 01 00 00 18 1A 39 12 12 12 12 12 
[11:06:36.129]收←◆00 0B EA 00 00 00 01 00 00 01 00 00 17 1A 39 12 12 12 12 12 
[11:06:36.223]收←◆00 0B D6 00 00 45 01 00 00 01 00 00 17 1B 38 12 12 12 12 12 
[11:06:36.333]收←◆00 0B C8 00 00 C0 01 00 00 01 00 00 16 1A 39 12 12 12 12 12 
[11:06:36.428]收←◆00 0B CA 00 01 3E 01 00 00 01 00 00 16 1B 39 12 12 12 12 12 
[11:06:36.539]收←◆00 0B C8 00 01 BF 01 00 00 01 00 00 16 1B 39 12 12 12 12 12 
[11:06:36.639]收←◆00 0B D0 00 02 42 01 00 00 01 00 00 17 1B 39 12 12 12 12 12 
[11:06:36.743]收←◆00 0B CB 00 02 C8 01 00 00 01 00 00 17 1B 39 12 12 12 12 12 
[11:06:36.840]收←◆00 0B 98 00 03 51 01 00 00 01 00 00 18 1B 39 12 12 12 12 12 
[11:06:36.945]收←◆00 0B 70 00 03 DC 01 00 00 01 00 00 18 1B 39 12 12 12 12 12 
[11:06:37.048]收←◆00 0B 97 00 04 69 01 00 00 01 00 00 19 1A 39 12 12 12 12 12 
[11:06:37.147]收←◆00 0B C9 00 04 F7 01 00 00 01 00 00 18 1B 39 12 12 12 12 12 
[11:06:37.250]收←◆00 0B B5 00 05 85 01 00 00 01 00 00 17 1B 39 12 12 12 12 12 
[11:06:37.349]收←◆00 0B 8F 00 06 14 01 00 00 01 00 00 16 1A 39 12 12 12 12 12 
[11:06:37.455]收←◆00 0B 9D 00 06 A0 01 00 00 01 00 00 16 1B 39 12 12 12 12 12 
[11:06:37.556]收←◆00 0B C4 00 07 2C 01 00 00 01 00 00 16 1B 39 12 12 12 12 12 
[11:06:37.656]收←◆00 0B D0 00 07 B5 01 00 00 01 00 00 16 1B 39 12 12 12 12 12 
[11:06:37.761]收←◆00 0B C7 00 08 3D 01 00 00 01 00 00 17 1A 39 12 12 12 12 12 
[11:06:37.860]收←◆00 0B C4 00 08 C2 01 00 00 01 00 00 18 1B 39 12 12 12 12 12 
[11:06:37.954]收←◆00 0B C8 00 09 44 01 00 00 01 00 00 16 1A 3A 12 12 12 12 12 
[11:06:38.066]收←◆00 0B C7 00 09 C5 01 00 00 01 00 00 17 1B 39 12 12 12 12 12 
[11:06:38.168]收←◆00 0B C6 00 0A 44 01 00 00 01 00 00 18 1B 39 12 12 12 12 12 
[11:06:38.255]收←◆00 0B CB 00 0A C2 01 00 00 01 00 00 18 1B 39 12 12 12 12 12 
[11:06:38.370]收←◆00 0B C5 00 0B 3E 01 00 00 01 00 00 17 1A 39 12 12 12 12 12 
[11:06:38.472]收←◆00 0B B5 00 0B B9 01 00 00 01 00 00 16 1B 39 12 12 12 12 12 
[11:06:38.574]收←◆00 0B A9 00 0C 32 01 00 00 01 00 00 16 1A 39 12 12 12 12 12 
[11:06:38.673]收←◆00 0B 9D 00 0C AB 01 00 00 01 00 00 18 1A 39 12 12 12 12 12 
[11:06:38.780]收←◆00 0B 9C 00 0D 23 01 00 00 01 00 00 18 1B 39 12 12 12 12 12 
[11:06:38.880]收←◆00 0B BB 00 0D 97 01 00 00 01 61 13 18 1A 39 12 12 12 12 12 
[11:06:38.971]收←◆00 0B D8 00 0E 0A 02 00 00 01 61 13 16 1B 39 12 12 12 12 12 
[11:06:39.081]收←◆00 0B C6 00 0E 7A 02 00 00 01 61 13 18 1A 3A 12 12 12 12 12 
[11:06:39.185]收←◆00 0B A1 00 0E E9 02 00 00 01 61 13 16 1B 3A 12 12 12 12 12 
[11:06:39.286]收←◆00 0B 98 00 0F 55 02 00 00 01 61 13 16 1B 39 12 12 12 12 12 
[11:06:39.381]收←◆00 0B A7 00 0F BF 02 00 00 01 61 13 16 1B 3A 12 12 12 12 12 
[11:06:39.491]收←◆00 0B A9 00 10 25 02 00 00 01 61 13 16 1A 3A 12 12 12 12 12 
[11:06:39.586]收←◆00 0B 9A 00 10 89 02 00 00 01 61 13 17 1B 3A 12 12 12 12 12 
[11:06:39.696]收←◆00 0B A7 00 10 E9 02 00 00 01 61 13 16 1A 39 12 12 12 12 12 
[11:06:39.792]收←◆00 0B DD 00 11 43 02 00 00 01 61 13 17 1A 3A 12 12 12 12 12 
[11:06:39.886]收←◆00 0B F3 00 11 9A 02 00 00 01 61 13 17 19 3A 12 12 12 12 12 
[11:06:39.997]收←◆00 0B C8 00 11 EC 02 00 00 01 61 13 17 19 3B 12 12 12 12 12 
[11:06:40.093]收←◆00 0B A8 00 12 3B 02 00 00 01 61 13 19 19 3A 12 12 12 12 12 
[11:06:40.203]收←◆00 0B C6 00 12 85 02 00 00 01 61 13 17 19 3A 12 12 12 12 12 
[11:06:40.298]收←◆00 0B E1 00 12 CE 02 00 00 01 61 13 16 19 39 12 12 12 12 12 
[11:06:40.409]收←◆00 0B C8 00 13 12 02 00 00 01 61 13 14 1A 3A 12 12 12 12 12 
[11:06:40.507]收←◆00 0B 9F 00 13 55 02 00 00 01 61 13 14 1A 3A 12 12 12 12 12 
[11:06:40.612]收←◆00 0B 90 00 13 96 02 00 00 01 61 13 15 1A 3A 12 12 12 12 12 
[11:06:40.713]收←◆00 0B 99 00 13 D4 02 00 00 01 61 13 14 1A 3A 12 12 12 12 12 
[11:06:40.809]收←◆00 0B A6 00 14 0E 02 00 00 01 61 13 14 1A 3A 12 12 12 12 12 
[11:06:40.915]收←◆00 0B AE 00 14 46 02 00 00 01 61 13 14 1A 3A 12 12 12 12 12 
[11:06:41.019]收←◆00 0B B1 00 14 79 02 00 00 01 61 13 14 19 3A 12 12 12 12 12 
[11:06:41.119]收←◆00 0B B8 00 14 A7 02 00 00 01 61 13 15 1B 3A 12 12 12 12 12 
[11:06:41.221]收←◆00 0B C5 00 14 D1 02 00 00 01 61 13 15 1B 3A 12 12 12 12 12 
[11:06:41.326]收←◆00 0B CA 00 14 F7 02 00 00 01 61 13 15 1B 39 12 12 12 12 12 
[11:06:41.419]收←◆00 0B C1 00 15 18 02 00 00 01 61 13 15 1A 3A 12 12 12 12 12 
[11:06:41.514]收←◆00 0B B8 00 15 34 02 00 00 01 61 13 14 1A 3A 12 12 12 12 12 
[11:06:41.629]收←◆00 0B B7 00 15 4E 02 00 00 01 61 13 14 1B 3A 12 12 12 12 12 
[11:06:41.732]收←◆00 0B C2 00 15 63 02 00 00 01 61 13 15 1A 39 12 12 12 12 12 
[11:06:41.833]收←◆00 0B D0 00 15 74 02 00 00 01 61 13 16 1A 39 12 12 12 12 12 
[11:06:41.934]收←◆00 0B C7 00 15 84 02 00 00 01 61 13 16 1A 3A 12 12 12 12 12 
[11:06:42.035]收←◆00 0B A1 00 15 90 02 00 00 01 61 13 16 1A 39 12 12 12 12 12 
[11:06:42.137]收←◆00 0B 8F 00 15 99 02 00 00 01 61 13 15 19 39 12 12 12 12 12 
[11:06:42.240]收←◆00 0B B3 00 15 A0 02 00 00 01 61 13 16 1A 39 12 12 12 12 12 
[11:06:42.340]收←◆00 0B CF 00 15 A3 02 00 00 01 61 13 16 1B 39 12 12 12 12 12 
[11:06:42.443]收←◆00 0B BF 00 15 A2 02 00 00 01 61 13 15 1A 39 12 12 12 12 12 
[11:06:42.546]收←◆00 0B BC 00 15 9F 02 00 00 01 61 13 16 19 39 12 12 12 12 12 
[11:06:42.646]收←◆00 0B CA 00 15 99 02 00 00 01 61 13 16 1A 39 12 12 12 12 12 
[11:06:42.750]收←◆00 0B B4 00 15 91 02 00 00 01 61 13 15 1B 39 12 12 12 12 12 
[11:06:42.852]收←◆00 0B 99 00 15 86 02 00 00 01 61 13 15 1A 39 12 12 12 12 12 
[11:06:42.951]收←◆00 0B B2 00 15 79 02 00 00 01 61 13 16 1A 3A 12 12 12 12 12 
[11:06:43.056]收←◆00 0B D1 00 15 6A 02 00 00 01 61 13 14 1A 3A 12 12 12 12 12 
[11:06:43.151]收←◆00 0B B9 00 15 59 02 00 00 01 61 13 16 1B 39 12 12 12 12 12 
[11:06:43.245]收←◆00 0B 9C 00 15 46 02 00 00 01 61 13 15 1A 39 12 12 12 12 12 
[11:06:43.355]收←◆00 0B B6 00 15 31 02 00 00 01 61 13 14 1A 39 12 12 12 12 12 
[11:06:43.449]收←◆00 0B CD 00 15 1C 02 00 00 01 61 13 14 19 39 12 12 12 12 12 
[11:06:43.562]收←◆00 0B AD 00 15 03 02 00 00 01 61 13 16 19 39 12 12 12 12 12 
[11:06:43.654]收←◆00 0B 94 00 14 E9 02 00 00 01 61 13 14 1A 39 12 12 12 12 12 
[11:06:43.765]收←◆00 0B B1 00 14 CD 02 00 00 01 61 13 15 19 39 12 12 12 12 12 
[11:06:43.864]收←◆00 0B CB 00 14 AE 02 00 00 01 61 13 16 1A 39 12 12 12 12 12 
[11:06:43.970]收←◆00 0B BE 00 14 8D 02 00 00 01 61 13 16 19 39 12 12 12 12 12 
[11:06:44.074]收←◆00 0B B3 00 14 6B 02 00 00 01 61 13 16 1A 39 12 12 12 12 12 
[11:06:44.162]收←◆00 0B AF 00 14 46 02 00 00 01 61 13 16 19 39 12 12 12 12 12 
[11:06:44.272]收←◆00 0B B0 00 14 1E 02 00 00 01 61 13 15 19 38 12 12 12 12 12 
[11:06:44.367]收←◆00 0B C9 00 13 F4 02 00 00 01 61 13 15 18 38 12 12 12 12 12 
[11:06:44.478]收←◆00 0B D9 00 13 C7 02 00 00 01 61 13 16 19 38 12 12 12 12 12 
[11:06:44.572]收←◆00 0B C8 00 13 97 02 00 00 01 61 13 16 19 38 12 12 12 12 12 
[11:06:44.684]收←◆00 0B C2 00 13 69 02 00 00 01 61 13 16 19 38 12 12 12 12 12 
[11:06:44.778]收←◆00 0B C2 00 13 37 02 00 00 01 61 13 17 19 38 12 12 12 12 12 
[11:06:44.890]收←◆00 0B A5 00 13 06 02 00 00 01 61 13 15 19 38 12 12 12 12 12 
[11:06:44.990]收←◆00 0B 95 00 12 D4 02 00 00 01 61 13 16 19 38 12 12 12 12 12 
[11:06:45.079]收←◆00 0B B2 00 12 A2 02 00 00 01 61 13 16 19 38 12 12 12 12 12 
[11:06:45.190]收←◆00 0B C2 00 12 6F 02 00 00 01 61 13 16 19 39 12 12 12 12 12 
[11:06:45.285]收←◆00 0B B2 00 12 3B 02 00 00 01 61 13 16 19 39 12 12 12 12 12 
[11:06:45.395]收←◆00 0B B9 00 12 06 02 00 00 01 61 13 16 19 39 12 12 12 12 12 
[11:06:45.490]收←◆00 0B C7 00 11 D2 02 00 00 01 61 13 16 19 39 12 12 12 12 12 
[11:06:45.601]收←◆00 0B B3 00 11 9D 02 00 00 01 61 13 15 1B 39 12 12 12 12 12 
[11:06:45.704]收←◆00 0B 9E 00 11 67 02 00 00 01 61 13 16 19 39 12 12 12 12 12 
[11:06:45.806]收←◆00 0B 9D 00 11 30 02 00 00 01 61 13 15 19 39 12 12 12 12 12 
[11:06:45.907]收←◆00 0B 9A 00 10 FA 02 00 00 01 61 13 16 1A 39 12 12 12 12 12 
[11:06:46.009]收←◆00 0B A6 00 10 C2 02 00 00 01 61 13 16 19 39 12 12 12 12 12 
[11:06:46.106]收←◆00 0B DB 00 10 87 02 00 00 01 61 13 17 19 39 12 12 12 12 12 
[11:06:46.204]收←◆00 0B FD 00 10 4B 02 00 00 01 61 13 16 1A 39 12 12 12 12 12 
[11:06:46.310]收←◆00 0B DD 00 10 10 02 00 00 01 61 13 15 1A 39 12 12 12 12 12 
[11:06:46.405]收←◆00 0B AC 00 0F D3 02 00 00 01 61 13 16 1A 39 12 12 12 12 12 
[11:06:46.516]收←◆00 0B A3 00 0F 97 02 00 00 01 61 13 16 19 39 12 12 12 12 12 
[11:06:46.610]收←◆00 0B B1 00 0F 5B 02 00 00 01 61 13 16 19 39 12 12 12 12 12 
[11:06:46.722]收←◆00 0B AF 00 0F 20 02 00 00 01 61 13 17 1A 39 12 12 12 12 12 
[11:06:46.824]收←◆00 0B 9C 00 0E E4 02 00 00 01 61 13 14 19 39 12 12 12 12 12 
[11:06:46.926]收←◆00 0B 99 00 0E A9 02 00 00 01 61 13 17 1A 39 12 12 12 12 12 
[11:06:47.026]收←◆00 0B BD 00 0E 6D 02 00 00 01 61 13 17 19 39 12 12 12 12 12 
[11:06:47.129]收←◆00 0B E7 00 0E 31 02 00 00 01 61 13 17 1A 39 12 12 12 12 12 
[11:06:47.227]收←◆00 0B E8 00 0D F5 02 00 00 01 61 13 16 1A 39 12 12 12 12 12 
[11:06:47.324]收←◆00 0B C9 00 0D BA 02 00 00 01 61 13 16 1A 39 12 12 12 12 12 
[11:06:47.432]收←◆00 0B AA 00 0D 7F 02 00 00 01 61 13 16 1A 39 12 12 12 12 12 
[11:06:47.527]收←◆00 0B 93 00 0D 46 02 00 00 01 61 13 16 19 39 12 12 12 12 12 
[11:06:47.638]收←◆00 0B 93 00 0D 0E 02 00 00 01 61 13 16 1A 39 12 12 12 12 12 
[11:06:47.735]收←◆00 0B B7 00 0C D8 02 00 00 01 61 13 17 19 39 12 12 12 12 12 
[11:06:47.842]收←◆00 0B C9 00 0C A3 02 00 00 01 61 13 17 1A 39 12 12 12 12 12 
[11:06:47.943]收←◆00 0B A8 00 0C 71 02 00 00 01 61 13 18 19 39 12 12 12 12 12 
[11:06:48.043]收←◆00 0B 96 00 0C 3D 02 00 00 01 61 13 18 1A 39 12 12 12 12 12 
[11:06:48.143]收←◆00 0B C0 00 0C 0C 02 00 00 01 61 13 19 1A 39 12 12 12 12 12 