00 00 00 00 00 00 00 00 00 00 00 00 12 12 12 12 12 12 12 12 
[17:39:38.244]收←◆00 00 00 00 00 00 00 00 00 00 00 00 12 12 12 12 12 12 12 12 
[17:39:38.338]收←◆00 00 00 00 00 00 00 00 00 00 00 00 12 12 12 12 12 12 12 12 
[17:39:38.447]收←◆00 00 00 00 00 00 00 00 00 00 00 00 12 12 12 12 12 12 12 12 
[17:39:38.541]收←◆00 00 00 00 00 00 00 00 00 00 00 00 12 12 12 12 12 12 12 12 
[17:39:38.651]收←◆00 00 00 00 00 00 00 00 00 00 00 00 12 12 12 12 12 12 12 12 
[17:39:38.745]收←◆00 00 00 00 00 00 00 00 00 00 00 00 12 12 12 12 12 12 12 12 
[17:39:38.840]收←◆00 00 00 00 00 00 00 00 00 00 00 00 12 12 12 12 12 12 12 12 
[17:39:38.949]收←◆00 00 00 00 00 00 00 00 00 00 00 00 12 12 12 12 12 12 12 12 
[17:39:39.044]收←◆00 00 00 00 00 00 00 00 00 00 00 00 12 12 12 12 12 12 12 12 
[17:39:39.154]收←◆00 00 00 00 00 00 00 00 00 00 00 00 12 12 12 12 12 12 12 12 
[17:39:39.248]收←◆00 00 00 00 00 00 00 00 00 00 00 00 12 12 12 12 12 12 12 12 
[17:39:39.357]收←◆00 00 00 00 00 00 00 00 00 00 00 00 12 12 12 12 12 12 12 12 
[17:39:39.466]收←◆00 00 00 00 00 00 00 00 00 00 00 00 12 12 12 12 12 12 12 12 
[17:39:39.560]收←◆00 00 00 00 00 00 00 00 00 00 00 00 12 12 12 12 12 12 12 12 
[17:39:39.669]收←◆00 00 00 00 00 00 00 00 00 00 00 00 12 12 12 12 12 12 12 12 
[17:39:39.763]收←◆00 00 00 00 00 00 00 00 00 00 00 00 12 12 12 12 12 12 12 12 
[17:39:39.873]收←◆00 00 00 00 00 00 00 00 00 00 00 00 12 12 12 12 12 12 12 12 
[17:39:39.966]收←◆00 00 00 00 00 00 00 00 00 00 00 00 12 12 12 12 12 12 12 12 
[17:39:40.076]收←◆00 00 00 00 00 00 00 00 00 00 00 00 12 12 12 12 12 12 12 12 
[17:39:40.170]收←◆00 00 00 00 00 00 00 00 00 00 00 00 12 12 12 12 12 12 12 12 
[17:39:40.279]收←◆00 00 00 00 00 00 00 00 00 00 00 00 12 12 12 12 12 12 12 12 
[17:39:40.373]收←◆00 00 00 00 00 00 00 00 00 00 00 00 12 12 12 12 12 12 12 12 
[17:39:40.482]收←◆00 00 00 00 00 00 00 00 00 00 00 00 12 12 12 12 12 12 12 12 
[17:39:40.576]收←◆00 00 00 00 00 00 00 00 00 00 00 00 12 12 12 12 12 12 12 12 
[17:39:40.685]收←◆00 00 00 00 00 00 00 00 00 00 00 00 12 12 12 12 12 12 12 12 
[17:39:40.779]收←◆00 00 00 00 00 00 00 00 00 00 00 00 12 12 12 12 12 12 12 12 
[17:39:40.888]收←◆00 00 00 00 00 00 00 00 00 00 00 00 12 12 12 12 12 12 12 12 
[17:39:40.982]收←◆00 00 00 00 00 00 00 00 00 00 00 00 12 12 12 12 12 12 12 12 
[17:39:41.092]收←◆00 00 00 00 00 00 00 00 00 00 00 00 12 12 12 12 12 12 12 12 
[17:39:41.185]收←◆00 00 00 00 00 00 00 00 00 00 00 00 12 12 12 12 12 12 12 12 
[17:39:41.295]收←◆00 00 00 00 00 00 00 00 00 00 00 00 12 12 12 12 12 12 12 12 
[17:39:41.388]收←◆00 00 00 00 00 00 00 00 00 00 00 00 12 12 12 12 12 12 12 12 
[17:39:41.499]收←◆00 00 00 00 00 00 00 00 00 00 00 00 12 12 12 12 12 12 12 12 
[17:39:41.592]收←◆00 00 00 00 00 00 00 00 00 00 00 00 12 12 12 12 12 12 12 12 
[17:39:41.702]收←◆00 00 00 00 00 00 00 00 00 00 00 00 12 12 12 12 12 12 12 12 
[17:39:41.795]收←◆00 00 00 00 00 00 00 00 00 00 00 00 12 12 12 12 12 12 12 12 
[17:39:41.905]收←◆00 00 00 00 00 00 00 00 00 00 00 00 12 12 12 12 12 12 12 12 
[17:39:41.999]收←◆00 00 00 00 00 00 00 00 00 00 00 00 12 12 12 12 12 12 12 12 
[17:39:42.108]收←◆00 00 00 00 00 00 00 00 00 00 00 00 12 12 12 12 12 12 12 12 
[17:39:42.202]收←◆00 00 00 00 00 00 00 00 00 00 00 00 12 12 12 12 12 12 12 12 
[17:39:42.311]收←◆00 00 00 00 00 00 00 00 00 00 00 00 12 12 12 12 12 12 12 12 
[17:39:42.405]收←◆00 00 00 00 00 00 00 00 00 00 00 00 12 12 12 12 12 12 12 12 
[17:39:42.515]收←◆00 00 00 00 00 00 00 00 00 00 00 00 12 12 12 12 12 12 12 12 
[17:39:42.609]收←◆00 00 00 00 00 00 00 00 00 00 00 00 12 12 12 12 12 12 12 12 
[17:39:42.719]收←◆00 00 00 00 00 00 00 00 00 00 00 00 12 12 12 12 12 12 12 12 
[17:39:42.813]收←◆00 00 00 00 00 00 00 00 00 00 00 00 12 12 12 12 12 12 12 12 
[17:39:42.922]收←◆00 00 00 00 00 00 00 00 00 00 00 00 12 12 12 12 12 12 12 12 
[17:39:43.016]收←◆00 00 00 00 00 00 00 00 00 00 00 00 12 12 12 12 12 12 12 12 
[17:39:43.126]收←◆00 00 00 00 00 00 00 00 00 00 00 00 12 12 12 12 12 12 12 12 
[17:39:43.219]收←◆00 00 00 00 00 00 00 00 00 00 00 00 12 12 12 12 12 12 12 12 
[17:39:43.329]收←◆00 00 00 00 00 00 00 00 00 00 00 00 12 12 12 12 12 12 12 12 
[17:39:43.423]收←◆00 00 00 00 00 00 00 00 00 00 00 00 12 12 12 12 12 12 12 12 
[17:39:43.532]收←◆00 00 00 00 00 00 00 00 00 00 00 00 12 12 12 12 12 12 12 12 
[17:39:43.626]收←◆00 00 00 00 00 00 00 00 00 00 00 00 12 12 12 12 12 12 12 12 
[17:39:43.735]收←◆00 00 00 00 00 00 00 00 00 00 00 00 12 12 12 12 12 12 12 12 
[17:39:43.844]收←◆00 00 00 00 00 00 00 00 00 00 00 00 12 12 12 12 12 12 12 12 
[17:39:43.938]收←◆00 00 00 00 00 00 00 00 00 00 00 00 12 12 12 12 12 12 12 12 
[17:39:44.048]收←◆00 00 00 00 00 00 00 00 00 00 00 00 12 12 12 12 12 12 12 12 
[17:39:44.142]收←◆00 00 00 00 00 00 00 00 00 00 00 00 12 12 12 12 12 12 12 12 
[17:39:44.252]收←◆00 00 00 00 00 00 00 00 00 00 00 00 12 12 12 12 12 12 12 12 
[17:39:44.346]收←◆00 00 00 00 00 00 00 00 00 00 00 00 12 12 12 12 12 12 12 12 
[17:39:44.455]收←◆00 00 00 00 00 00 00 00 00 00 00 00 12 12 12 12 12 12 12 12 
[17:39:44.549]收←◆00 00 00 00 00 00 00 00 00 00 00 00 12 12 12 12 12 12 12 12 
[17:39:44.659]收←◆00 00 00 00 00 00 00 00 00 00 00 00 12 12 12 12 12 12 12 12 
[17:39:44.752]收←◆00 00 00 00 00 00 00 00 00 00 00 00 12 12 12 12 12 12 12 12 
[17:39:44.862]收←◆00 00 00 00 00 00 00 00 00 00 00 00 12 12 12 12 12 12 12 12 
[17:39:44.955]收←◆00 00 00 00 00 00 00 00 00 00 00 00 12 12 12 12 12 12 12 12 
[17:39:45.065]收←◆00 00 00 00 00 00 00 00 00 00 00 00 12 12 12 12 12 12 12 12 
[17:39:45.158]收←◆00 00 00 00 00 00 00 00 00 00 00 00 12 12 12 12 12 12 12 12 
[17:39:45.268]收←◆00 00 00 00 00 00 00 00 00 00 00 00 12 12 12 12 12 12 12 12 
[17:39:45.362]收←◆00 00 00 00 00 00 00 00 00 00 00 00 12 12 12 12 12 12 12 12 
[17:39:45.471]收←◆00 00 00 00 00 00 00 00 00 00 00 00 12 12 12 12 12 12 12 12 
[17:39:45.565]收←◆00 00 00 00 00 00 00 00 00 00 00 00 12 12 12 12 12 12 12 12 
[17:39:45.675]收←◆00 00 00 00 00 00 00 00 00 00 00 00 12 12 12 12 12 12 12 12 
[17:39:45.769]收←◆00 00 00 00 00 00 00 00 00 00 00 00 12 12 12 12 12 12 12 12 
[17:39:45.878]收←◆00 00 00 00 00 00 00 00 00 00 00 00 12 12 12 12 12 12 12 12 
[17:39:45.972]收←◆00 00 00 00 00 00 00 00 00 00 00 00 12 12 12 12 12 12 12 12 
[17:39:46.082]收←◆00 00 00 00 00 00 00 00 00 00 00 00 12 12 12 12 12 12 12 12 
[17:39:46.176]收←◆00 00 00 00 00 00 00 00 00 00 00 00 12 12 12 12 12 12 12 12 
[17:39:46.286]收←◆00 00 00 00 00 00 00 00 00 00 00 00 12 12 12 12 12 12 12 12 
[17:39:46.380]收←◆00 00 00 00 00 00 00 00 00 00 00 00 12 12 12 12 12 12 12 12 
[17:39:46.489]收←◆00 00 00 00 00 00 00 00 00 00 00 00 12 12 12 12 12 12 12 12 
[17:39:46.583]收←◆00 00 00 00 00 00 00 00 00 00 00 00 12 12 12 12 12 12 12 12 
[17:39:46.692]收←◆00 00 00 00 00 00 00 00 00 00 00 00 12 12 12 12 12 12 12 12 
[17:39:46.797]收←◆00 00 00 00 00 00 00 00 00 00 00 00 12 12 12 12 12 12 12 12 
[17:39:46.896]收←◆00 00 00 00 00 00 00 00 00 00 00 00 12 12 12 12 12 12 12 12 
[17:39:46.991]收←◆00 00 00 00 00 00 00 00 00 00 00 00 12 12 12 12 12 12 12 12 
[17:39:47.100]收←◆00 00 00 00 00 00 00 00 00 00 00 00 12 12 12 12 12 12 12 12 
[17:39:47.194]收←◆00 00 00 00 00 00 00 00 00 00 00 00 12 12 12 12 12 12 12 12 
[17:39:47.306]收←◆00 00 00 00 00 00 00 00 00 00 00 00 12 12 12 12 12 12 12 12 
[17:39:47.399]收←◆00 00 00 00 00 00 00 00 00 00 00 00 12 12 12 12 12 12 12 12 
[17:39:47.508]收←◆00 00 00 00 00 00 00 00 00 00 00 00 12 12 12 12 12 12 12 12 
[17:39:47.602]收←◆00 00 00 00 00 00 00 00 00 00 00 00 12 12 12 12 12 12 12 12 
[17:39:47.711]收←◆00 00 00 00 00 00 00 00 00 00 00 00 12 12 12 12 12 12 12 12 
[17:39:47.805]收←◆00 00 00 00 00 00 00 00 00 00 00 00 12 12 12 12 12 12 12 12 
[17:39:47.915]收←◆00 00 00 00 00 00 00 00 00 00 00 00 12 12 12 12 12 12 12 12 
[17:39:48.008]收←◆00 00 00 00 00 00 00 00 00 00 00 00 12 12 12 12 12 12 12 12 
[17:39:48.118]收←◆00 00 00 00 00 00 00 00 00 00 00 00 12 12 12 12 12 12 12 12 
[17:39:48.211]收←◆00 00 00 00 00 00 00 00 00 00 00 00 12 12 12 12 12 12 12 12 
[17:39:48.321]收←◆00 00 00 00 00 00 00 00 00 00 00 00 12 12 12 12 12 12 12 12 
[17:39:48.416]收←◆00 00 00 00 00 00 00 00 00 00 00 00 12 12 12 12 12 12 12 12 
[17:39:48.525]收←◆00 00 00 00 00 00 00 00 00 00 00 00 12 12 12 12 12 12 12 12 
[17:39:48.619]收←◆00 00 00 00 00 00 00 00 00 00 00 00 12 12 12 12 12 12 12 12 
[17:39:48.728]收←◆00 00 00 00 00 00 00 00 00 00 00 00 12 12 12 12 12 12 12 12 
[17:39:48.822]收←◆00 00 00 00 00 00 00 00 00 00 00 00 12 12 12 12 12 12 12 12 
[17:39:48.932]收←◆00 00 00 00 00 00 00 00 00 00 00 00 12 12 12 12 12 12 12 12 
[17:39:49.026]收←◆00 00 00 00 00 00 00 00 00 00 00 00 12 12 12 12 12 12 12 12 
[17:39:49.135]收←◆00 00 00 00 00 00 00 00 00 00 00 00 12 12 12 12 12 12 12 12 
[17:39:49.229]收←◆00 00 00 00 00 00 00 00 00 00 00 00 12 12 12 12 12 12 12 12 
[17:39:49.338]收←◆00 00 00 00 00 00 00 00 00 00 00 00 12 12 12 12 12 12 12 12 
[17:39:49.432]收←◆00 00 00 00 00 00 00 00 00 00 00 00 12 12 12 12 12 12 12 12 
[17:39:49.541]收←◆00 00 00 00 00 00 00 00 00 00 00 00 12 12 12 12 12 12 12 12 
[17:39:49.645]收←◆00 00 00 00 00 00 00 00 00 00 00 00 12 12 12 12 12 12 12 12 
[17:39:49.745]收←◆00 00 00 00 00 00 00 00 00 00 00 00 12 12 12 12 12 12 12 12 
[17:39:49.838]收←◆00 00 00 00 00 00 00 00 00 00 00 00 12 12 12 12 12 12 12 12 
[17:39:49.948]收←◆00 00 00 00 00 00 00 00 00 00 00 00 12 12 12 12 12 12 12 12 
[17:39:50.042]收←◆00 00 00 00 00 00 00 00 00 00 00 00 12 12 12 12 12 12 12 12 
[17:39:52.514]收←◆00 00 00 00 00 00 00 00 00 00 00 00 12 12 12 12 12 12 12 12 
[17:39:52.608]收←◆00 00 00 00 00 00 00 00 00 00 00 00 12 12 12 12 12 12 12 12 
[17:39:52.718]收←◆00 00 00 00 00 00 00 00 00 00 00 00 12 12 12 12 12 12 12 12 
[17:39:52.811]收←◆00 00 00 00 00 00 00 00 00 00 00 00 12 12 12 12 12 12 12 12 
[17:39:52.920]收←◆00 00 00 00 00 00 00 00 00 00 00 00 12 12 12 12 12 12 12 12 
[17:39:53.014]收←◆00 00 00 00 00 00 00 00 00 00 00 00 12 12 12 12 12 12 12 12 
[17:39:53.124]收←◆00 00 00 00 00 00 00 00 00 00 00 00 12 12 12 12 12 12 12 12 
[17:39:53.217]收←◆00 00 00 00 00 00 00 00 00 00 00 00 12 12 12 12 12 12 12 12 
[17:39:53.327]收←◆00 00 00 00 00 00 00 00 00 00 00 00 12 12 12 12 12 12 12 12 
[17:39:53.420]收←◆00 00 00 00 00 00 00 00 00 00 00 00 12 12 12 12 12 12 12 12 
[17:39:53.530]收←◆00 00 00 00 00 00 00 00 00 00 00 00 12 12 12 12 12 12 12 12 
[17:39:53.624]收←◆00 00 00 00 00 00 00 00 00 00 00 00 12 12 12 12 12 12 12 12 
[17:39:53.739]收←◆00 00 00 00 00 00 00 00 00 00 00 00 12 12 12 12 12 12 12 12 
[17:39:53.828]收←◆00 00 00 00 00 00 00 00 00 00 00 00 12 12 12 12 12 12 12 12 
[17:39:53.937]收←◆00 00 00 00 00 00 00 00 00 00 00 00 12 12 12 12 12 12 12 12 
[17:39:54.031]收←◆00 00 00 00 00 00 00 00 00 00 00 00 12 12 12 12 12 12 12 12 
[17:39:54.141]收←◆00 00 00 00 00 00 00 00 00 00 00 00 12 12 12 12 12 12 12 12 
[17:39:54.235]收←◆00 00 00 00 00 00 00 00 00 00 00 00 12 12 12 12 12 12 12 12 
[17:39:54.344]收←◆00 00 00 00 00 00 00 00 00 00 00 00 12 12 12 12 12 12 12 12 
[17:39:54.438]收←◆00 00 00 00 00 00 00 00 00 00 00 00 12 12 12 12 12 12 12 12 
[17:39:54.547]收←◆00 00 00 00 00 00 00 00 00 00 00 00 12 12 12 12 12 12 12 12 
[17:39:54.642]收←◆00 00 00 00 00 00 00 00 00 00 00 00 12 12 12 12 12 12 12 12 
[17:39:54.752]收←◆00 00 00 00 00 00 00 00 00 00 00 00 12 12 12 12 12 12 12 12 
[17:39:54.845]收←◆00 00 00 00 00 00 00 00 00 00 00 00 12 12 12 12 12 12 12 12 
[17:39:54.955]收←◆00 00 00 00 00 00 00 00 00 00 00 00 12 12 12 12 12 12 12 12 
[17:39:55.049]收←◆00 00 00 00 00 00 00 00 00 00 00 00 12 12 12 12 12 12 12 12 
[17:39:55.158]收←◆00 00 00 00 00 00 00 00 00 00 00 00 12 12 12 12 12 12 12 12 
[17:39:55.252]收←◆00 00 00 00 00 00 00 00 00 00 00 00 12 12 12 12 12 12 12 12 
[17:39:55.362]收←◆00 00 00 00 00 00 00 00 00 00 00 00 12 12 12 12 12 12 12 12 
[17:39:55.456]收←◆00 00 00 00 00 00 00 00 00 00 00 00 12 12 12 12 12 12 12 12 
[17:39:55.566]收←◆00 00 00 00 00 00 00 00 00 00 00 00 12 12 12 12 12 12 12 12 
[17:39:55.659]收←◆00 00 00 00 00 00 00 00 00 00 00 00 12 12 12 12 12 12 12 12 
[17:39:55.769]收←◆00 00 00 00 00 00 00 00 00 00 00 00 12 12 12 12 12 12 12 12 
[17:39:55.878]收←◆00 00 00 00 00 00 00 00 00 00 00 00 12 12 12 12 12 12 12 12 
[17:39:55.972]收←◆00 00 00 00 00 00 00 00 00 00 00 00 12 12 12 12 12 12 12 12 
[17:39:56.081]收←◆00 00 00 00 00 00 00 00 00 00 00 00 12 12 12 12 12 12 12 12 
[17:39:56.175]收←◆00 00 00 00 00 00 00 00 00 00 00 00 12 12 12 12 12 12 12 12 
[17:39:56.284]收←◆00 00 00 00 00 00 00 00 00 00 00 00 12 12 12 12 12 12 12 12 
[17:39:56.378]收←◆00 00 00 00 00 00 00 00 00 00 00 00 12 12 12 12 12 12 12 12 
[17:39:56.488]收←◆00 00 00 00 00 00 00 00 00 00 00 00 12 12 12 12 12 12 12 12 
[17:39:56.582]收←◆00 00 00 00 00 00 00 00 00 00 00 00 12 12 12 12 12 12 12 12 
[17:39:56.691]收←◆00 00 00 00 00 00 00 00 00 00 00 00 12 12 12 12 12 12 12 12 
[17:39:56.785]收←◆00 00 00 00 00 00 00 00 00 00 00 00 12 12 12 12 12 12 12 12 
[17:39:56.894]收←◆00 00 00 00 00 00 00 00 00 00 00 00 12 12 12 12 12 12 12 12 
[17:39:56.988]收←◆00 00 00 00 00 00 00 00 00 00 00 00 12 12 12 12 12 12 12 12 
[17:39:57.099]收←◆00 00 00 00 00 00 00 00 00 00 00 00 12 12 12 12 12 12 12 12 
[17:39:57.193]收←◆00 00 00 00 00 00 00 00 00 00 00 00 12 12 12 12 12 12 12 12 
[17:39:57.302]收←◆00 00 00 00 00 00 00 00 00 00 00 00 12 12 12 12 12 12 12 12 
[17:39:57.396]收←◆00 00 00 00 00 00 00 00 00 00 00 00 12 12 12 12 12 12 12 12 
[17:39:57.505]收←◆00 00 00 00 00 00 00 00 00 00 00 00 12 12 12 12 12 12 12 12 
[17:39:57.599]收←◆00 00 00 00 00 00 00 00 00 00 00 00 12 12 12 12 12 12 12 12 
[17:39:57.708]收←◆00 00 00 00 00 00 00 00 00 00 00 00 12 12 12 12 12 12 12 12 
[17:39:57.802]收←◆00 00 00 00 00 00 00 00 00 00 00 00 12 12 12 12 12 12 12 12 
[17:39:57.912]收←◆00 00 00 00 00 00 00 00 00 00 00 00 12 12 12 12 12 12 12 12 
[17:39:58.006]收←◆00 00 00 00 00 00 00 00 00 00 00 00 12 12 12 12 12 12 12 12 
[17:39:58.115]收←◆00 00 00 00 00 00 00 00 00 00 00 00 12 12 12 12 12 12 12 12 
[17:39:58.209]收←◆00 00 00 00 00 00 00 00 00 00 00 00 12 12 12 12 12 12 12 12 
[17:39:58.318]收←◆00 00 00 00 00 00 00 00 00 00 00 00 12 12 12 12 12 12 12 12 
[17:39:58.412]收←◆00 00 00 00 00 00 00 00 00 00 00 00 12 12 12 12 12 12 12 12 
[17:39:58.521]收←◆00 00 00 00 00 00 00 00 00 00 00 00 12 12 12 12 12 12 12 12 
[17:39:58.615]收←◆00 00 00 00 00 00 00 00 00 00 00 00 12 12 12 12 12 12 12 12 
[17:39:58.725]收←◆00 00 00 00 00 00 00 00 00 00 00 00 12 12 12 12 12 12 12 12 
[17:39:58.819]收←◆00 00 00 00 00 00 00 00 00 00 00 00 12 12 12 12 12 12 12 12 
[17:39:58.929]收←◆00 00 00 00 00 00 00 00 00 00 00 00 12 12 12 12 12 12 12 12 
[17:39:59.023]收←◆00 00 00 00 00 00 00 00 00 00 00 00 12 12 12 12 12 12 12 12 
[17:39:59.133]收←◆00 00 00 00 00 00 00 00 00 00 00 00 12 12 12 12 12 12 12 12 
[17:39:59.227]收←◆00 00 00 00 00 00 00 00 00 00 00 00 12 12 12 12 12 12 12 12 
[17:39:59.336]收←◆00 00 00 00 00 00 00 00 00 00 00 00 12 12 12 12 12 12 12 12 
[17:39:59.429]收←◆00 00 00 00 00 00 00 00 00 00 00 00 12 12 12 12 12 12 12 12 
[17:39:59.539]收←◆00 00 00 00 00 00 00 00 00 00 00 00 12 12 12 12 12 12 12 12 
[17:39:59.633]收←◆00 00 00 00 00 00 00 00 00 00 00 00 12 12 12 12 12 12 12 12 
[17:39:59.742]收←◆00 00 00 00 00 00 00 00 00 00 00 00 12 12 12 12 12 12 12 12 
[17:39:59.836]收←◆00 00 00 00 00 00 00 00 00 00 00 00 12 12 12 12 12 12 12 12 
[17:39:59.945]收←◆00 00 00 00 00 00 00 00 00 00 00 00 12 12 12 12 12 12 12 12 
[17:40:00.039]收←◆00 00 00 00 00 00 00 00 00 00 00 00 12 12 12 12 12 12 12 12 
[17:40:00.149]收←◆00 00 00 00 00 00 00 00 00 00 00 00 12 12 12 12 12 12 12 12 
[17:40:00.243]收←◆00 00 00 00 00 00 00 00 00 00 00 00 12 12 12 12 12 12 12 12 
[17:40:00.353]收←◆00 00 00 00 00 00 00 00 00 00 00 00 12 12 12 12 12 12 12 12 
[17:40:00.447]收←◆00 00 00 00 00 00 00 00 00 00 00 00 12 12 12 12 12 12 12 12 
[17:40:00.556]收←◆00 00 00 00 00 00 00 00 00 00 00 00 12 12 12 12 12 12 12 12 
[17:40:00.651]收←◆00 00 00 00 00 00 00 00 00 00 00 00 12 12 12 12 12 12 12 12 
[17:40:00.760]收←◆00 00 00 00 00 00 00 00 00 00 00 00 12 12 12 12 12 12 12 12 
[17:40:00.855]收←◆00 00 00 00 00 00 00 00 00 00 00 00 12 12 12 12 12 12 12 12 
[17:40:00.965]收←◆00 00 00 00 00 00 00 00 00 00 00 00 12 12 12 12 12 12 12 12 
[17:40:01.059]收←◆00 00 00 00 00 00 00 00 00 00 00 00 12 12 12 12 12 12 12 12 
[17:40:01.137]收←◆00 